# name: debug
# type: sparse matrix
# nnz: 14400
# rows: 120
# columns: 120

1 1 64.2546952
2 1 1.32956978
3 1 -1.0280066
4 1 0.0171955465
5 1 -1.83453062
6 1 -0.0388072975
7 1 -1.40782137
8 1 -0.0258965832
9 1 0.0276466568
10 1 -0.000362709026
11 1 0.0449491925
12 1 0.00188968113
13 1 -1.17833269
14 1 -0.0119611474
15 1 -0.0127518619
16 1 -6.40108733e-05
17 1 0.037017293
18 1 0.000826630429
19 1 -0.793495865
20 1 -0.00888163804
21 1 -0.0250366636
22 1 -0.000124251083
23 1 0.0260593832
24 1 0.000844186319
25 1 -0.598820412
26 1 0.00160103728
27 1 -0.0291687082
28 1 7.26834955e-05
29 1 0.0186811407
30 1 0.00122175246
31 1 -0.52268876
32 1 0.00205568551
33 1 -0.0153770591
34 1 9.41210725e-05
35 1 0.0166730051
36 1 0.00138410051
37 1 -0.749074937
38 1 -0.00676384805
39 1 -0.0188137255
40 1 -0.000201274693
41 1 0.0216034877
42 1 0.000853788551
43 1 -0.840020389
44 1 -0.0163137017
45 1 0.000349567835
46 1 -0.000441650674
47 1 0.0249486847
48 1 0.00162473815
49 1 -0.786573761
50 1 -0.0202364211
51 1 0.00648328922
52 1 -0.000553131304
53 1 0.0235617279
54 1 0.00145674194
55 1 -0.693016573
56 1 -0.0203701849
57 1 -0.00181148756
58 1 -0.000599845999
59 1 0.0202269775
60 1 0.00138392457
61 1 -0.735110775
62 1 -0.0262599553
63 1 0.00523191608
64 1 -0.000731617941
65 1 0.02135124
66 1 0.00150217121
67 1 -0.649046522
68 1 -0.0303702259
69 1 0.0259109959
70 1 -0.00077887273
71 1 0.0192861948
72 1 0.00173319593
73 1 -0.571184781
74 1 -0.0231201239
75 1 0.00348884806
76 1 -0.00062404744
77 1 0.0160575916
78 1 0.00134620144
79 1 -0.507019929
80 1 -0.0246276947
81 1 0.0039665104
82 1 -0.000671406632
83 1 0.0144556991
84 1 0.00123399194
85 1 -0.386462061
86 1 -0.0142761212
87 1 -0.00444956415
88 1 -0.000421003609
89 1 0.0111861259
90 1 0.000970224892
91 1 -0.476536922
92 1 -0.0162001215
93 1 -0.00664371745
94 1 -0.000473738052
95 1 0.013578155
96 1 0.00114595488
97 1 -0.451048439
98 1 -0.0149775831
99 1 -0.00862470226
100 1 -0.000445457135
101 1 0.0129433483
102 1 0.00100910406
103 1 -0.403769284
104 1 -0.013880669
105 1 -0.0114008567
106 1 -0.000416920135
107 1 0.0116787778
108 1 0.000817725249
109 1 -0.521562532
110 1 -0.0113634715
111 1 -0.0253928217
112 1 -0.000383364159
113 1 0.014959541
114 1 0.0013000216
115 1 -0.505443491
116 1 -0.0107308152
117 1 -0.0341424216
118 1 -0.000382022966
119 1 0.0143994653
120 1 0.00118159276
1 2 1.32956978
2 2 67.3138371
3 2 1.12768831
4 2 1.87666872
5 2 -0.017198395
6 2 -0.0527289804
7 2 -0.0404664818
8 2 -1.49822905
9 2 -0.0480519576
10 2 -0.0467892589
11 2 0.000820023504
12 2 0.00180909092
13 2 -0.0330778919
14 2 -1.23866165
15 2 -0.0159085779
16 2 -0.0381871212
17 2 0.000721505596
18 2 0.000193286301
19 2 -0.0113916404
20 2 -0.823830387
21 2 -0.0175829297
22 2 -0.026664268
23 2 0.000207419734
24 2 -0.000493626737
25 2 -0.00580764092
26 2 -0.611487722
27 2 -0.0304416565
28 2 -0.018985191
29 2 0.000169664699
30 2 -0.000802104958
31 2 -0.00547750432
32 2 -0.530785862
33 2 -0.0349667269
34 2 -0.0168996328
35 2 0.000159367169
36 2 -0.000379015623
37 2 -0.00710340952
38 2 -0.766924297
39 2 -0.0303293402
40 2 -0.022016366
41 2 0.000194259718
42 2 -0.000353823944
43 2 -0.00349403017
44 2 -0.858583683
45 2 -0.0512880138
46 2 -0.0254123686
47 2 3.41099756e-05
48 2 0.000418866344
49 2 -0.00287697638
50 2 -0.804813434
51 2 -0.0457404864
52 2 -0.0239951866
53 2 3.22064934e-06
54 2 0.000608534943
55 2 0.00659642999
56 2 -0.706283926
57 2 -0.0484327133
58 2 -0.020585969
59 2 -0.000212324131
60 2 0.000164889772
61 2 0.0081220825
62 2 -0.751849416
63 2 -0.0522034207
64 2 -0.0217608192
65 2 -0.000293151193
66 2 0.000416223381
67 2 0.00328150668
68 2 -0.668061327
69 2 -0.0534846139
70 2 -0.019711841
71 2 -0.000253606092
72 2 0.00126542199
73 2 0.00787676624
74 2 -0.583422607
75 2 -0.047707654
76 2 -0.0163875852
77 2 -0.000266387855
78 2 0.000291108623
79 2 0.00880734927
80 2 -0.518317981
81 2 -0.042931321
82 2 -0.0147636022
83 2 -0.000299236519
84 2 0.000294898678
85 2 0.00542760949
86 2 -0.394351803
87 2 -0.0336368535
88 2 -0.0114283193
89 2 -0.000165771142
90 2 1.32288107e-05
91 2 0.00531520762
92 2 -0.485155568
93 2 -0.0402754271
94 2 -0.013847286
95 2 -0.000156819418
96 2 -3.76478381e-05
97 2 0.00565818285
98 2 -0.46033956
99 2 -0.0354265648
100 2 -0.0132117386
101 2 -0.000162571895
102 2 -0.000103951046
103 2 0.00519432861
104 2 -0.41310157
105 2 -0.0285518447
106 2 -0.0119190168
107 2 -0.000148949731
108 2 -0.000193504715
109 2 0.00678557637
110 2 -0.531362592
111 2 -0.0453736578
112 2 -0.0152600392
113 2 -0.000150269749
114 2 -0.000616468787
115 2 0.00622353191
116 2 -0.518051641
117 2 -0.0423307393
118 2 -0.0147149122
119 2 -0.00011485298
120 2 -0.00085894757
1 3 -1.0280066
2 3 1.12768831
3 3 2.7276292
4 3 0.0349482881
5 3 0.046178067
6 3 2.84852533e-06
7 3 0.0153159108
8 3 -0.0372808527
9 3 -0.0579426461
10 3 -0.00136204466
11 3 -0.00109180243
12 3 3.25251156e-06
13 3 -0.0430631714
14 3 0.00380449868
15 3 -0.0376980123
16 3 -0.00016262607
17 3 0.000882921165
18 3 1.75427859e-05
19 3 -0.0558482633
20 3 0.00670773008
21 3 -0.019343094
22 3 -4.61514246e-05
23 3 0.00149659404
24 3 4.58677536e-05
25 3 -0.07013055
26 3 0.0144738287
27 3 -0.00934336141
28 3 0.000162111572
29 3 0.00202884273
30 3 0.00013745375
31 3 -0.05887942
32 3 0.00998572769
33 3 -0.00755578087
34 3 4.51111978e-05
35 3 0.00173075316
36 3 0.000142752886
37 3 -0.0903583858
38 3 0.0424838944
39 3 -0.00658656316
40 3 0.00119673054
41 3 0.00240026486
42 3 0.000114802426
43 3 -0.0866940301
44 3 0.0386900794
45 3 -0.00776644392
46 3 0.00103065833
47 3 0.00220383686
48 3 0.000124337382
49 3 -0.0782905717
50 3 0.043714824
51 3 -0.00595435886
52 3 0.0012114833
53 3 0.00199117155
54 3 8.9944248e-05
55 3 -0.0814734315
56 3 0.0387827066
57 3 -0.00287107605
58 3 0.00113152097
59 3 0.00217874697
60 3 0.000137990899
61 3 -0.0822719413
62 3 0.0401973812
63 3 -0.00381576074
64 3 0.00115271942
65 3 0.00216064365
66 3 0.000126215872
67 3 -0.056877237
68 3 0.0309194406
69 3 -0.00555522423
70 3 0.000798514871
71 3 0.00130842181
72 3 5.94902207e-05
73 3 -0.0694169654
74 3 0.030648381
75 3 -0.00200077366
76 3 0.000839010199
77 3 0.00179143434
78 3 0.000131488032
79 3 -0.0626772583
80 3 0.0297876443
81 3 -0.00176231201
82 3 0.000826594967
83 3 0.0016456246
84 3 0.000119348514
85 3 -0.0523227734
86 3 0.0221108185
87 3 -0.00147315815
88 3 0.0006250063
89 3 0.00138925729
90 3 0.000118003769
91 3 -0.0644266931
92 3 0.0292827258
93 3 -0.00137288836
94 3 0.000814635616
95 3 0.00170300265
96 3 0.000144446781
97 3 -0.0606233615
98 3 0.0267881846
99 3 -0.00196793269
100 3 0.000750619772
101 3 0.00160817836
102 3 0.000130235055
103 3 -0.0533911686
104 3 0.0258178529
105 3 -0.00240606816
106 3 0.000725915824
107 3 0.00141529781
108 3 0.000110448837
109 3 -0.0707282557
110 3 0.0266918254
111 3 -0.0046894133
112 3 0.000730164896
113 3 0.00189914371
114 3 0.000194965446
115 3 -0.0689422837
116 3 0.0313907396
117 3 -0.0050724783
118 3 0.000862818368
119 3 0.00183036022
120 3 0.000202085966
1 4 0.0171955465
2 4 1.87666872
3 4 0.0349482881
4 4 0.0747135811
5 4 1.34165423e-05
6 4 -0.00298487426
7 4 -0.000843845896
8 4 -0.0466559658
9 4 -0.0016827515
10 4 -0.00158834529
11 4 1.55945849e-05
12 4 8.41180304e-05
13 4 -0.000724793945
14 4 -0.0378808386
15 4 -0.000747214389
16 4 -0.00128578936
17 4 1.63691512e-05
18 4 2.78283406e-05
19 4 -0.000192144843
20 4 -0.0263761152
21 4 -0.000804671374
22 4 -0.000957450383
23 4 3.68163283e-06
24 4 4.9867752e-06
25 4 -0.000100220226
26 4 -0.0185349531
27 4 -0.00118246778
28 4 -0.000613115118
29 4 3.91246094e-06
30 4 -2.03904704e-05
31 4 -0.000123237661
32 4 -0.0164775932
33 4 -0.00133337949
34 4 -0.000559963824
35 4 4.44291302e-06
36 4 -7.5809997e-06
37 4 -4.56236034e-05
38 4 -0.0214332016
39 4 -0.00084807768
40 4 -0.000633012765
41 4 9.4827437e-07
42 4 -3.79818347e-06
43 4 2.8251812e-05
44 4 -0.0246202904
45 4 -0.00155543369
46 4 -0.00075495039
47 4 -3.82358219e-06
48 4 2.4634525e-05
49 4 5.90770936e-05
50 4 -0.0232191757
51 4 -0.00138580317
52 4 -0.000715655385
53 4 -5.45804342e-06
54 4 2.98979546e-05
55 4 0.000314713834
56 4 -0.0198320045
57 4 -0.0013413184
58 4 -0.000593729076
59 4 -1.05030716e-05
60 4 1.08942249e-05
61 4 0.000369352272
62 4 -0.0209393593
63 4 -0.00144651824
64 4 -0.000623956865
65 4 -1.30790773e-05
66 4 1.8525922e-05
67 4 0.000189949127
68 4 -0.018980806
69 4 -0.00161210133
70 4 -0.000580394972
71 4 -1.1741627e-05
72 4 4.93268754e-05
73 4 0.000323685955
74 4 -0.0156231646
75 4 -0.0012870034
76 4 -0.000449585505
77 4 -1.08610748e-05
78 4 1.27350796e-05
79 4 0.000352360764
80 4 -0.0139884843
81 4 -0.00116901221
82 4 -0.000408005558
83 4 -1.19156289e-05
84 4 1.23901771e-05
85 4 0.000229887183
86 4 -0.0107031777
87 4 -0.000917756682
88 4 -0.000319332761
89 4 -7.37149318e-06
90 4 4.43956143e-06
91 4 0.000248921031
92 4 -0.0129600656
93 4 -0.00108377403
94 4 -0.000380056547
95 4 -7.70854506e-06
96 4 3.26210218e-06
97 4 0.000249830849
98 4 -0.0123514477
99 4 -0.000955583551
100 4 -0.000364520922
101 4 -7.62835582e-06
102 4 1.39856573e-06
103 4 0.00023651119
104 4 -0.0111555039
105 4 -0.00077689506
106 4 -0.000331715091
107 4 -7.22388902e-06
108 4 -1.2409737e-06
109 4 0.000279691058
110 4 -0.0142701028
111 4 -0.00122969961
112 4 -0.000420112699
113 4 -7.19145377e-06
114 4 -1.27022082e-05
115 4 0.000277698702
116 4 -0.0137512115
117 4 -0.00112368453
118 4 -0.000401109964
119 4 -6.6783056e-06
120 4 -1.91219249e-05
1 5 -1.83453062
2 5 -0.017198395
3 5 0.046178067
4 5 1.34165423e-05
5 5 0.0747628111
6 5 0.00148692418
7 5 0.0448160143
8 5 0.000386724835
9 5 -0.00146503106
10 5 -4.94493993e-08
11 5 -0.00156077607
12 5 -7.0577762e-05
13 5 0.0367458728
14 5 7.20961667e-05
15 5 -3.64600797e-05
16 5 -6.00697949e-06
17 5 -0.0012685457
18 5 -4.13916626e-05
19 5 0.0258749569
20 5 0.000110290175
21 5 0.000509236089
22 5 8.27191356e-07
23 5 -0.000948477299
24 5 -4.41839159e-05
25 5 0.018498073
26 5 -0.000137784767
27 5 0.000756918814
28 5 -4.46404717e-06
29 5 -0.000611838647
30 5 -5.15963055e-05
31 5 0.0165345754
32 5 -0.000125933052
33 5 0.000355470477
34 5 -4.59515925e-06
35 5 -0.000559929282
36 5 -5.73077871e-05
37 5 0.0212540491
38 5 5.21463432e-05
39 5 0.00034731194
40 5 1.73146227e-06
41 5 -0.000629938443
42 5 -2.54011751e-05
43 5 0.0244038437
44 5 0.000367646139
45 5 -0.00034433515
46 5 9.31288783e-06
47 5 -0.000750856621
48 5 -5.23438969e-05
49 5 0.0229622326
50 5 0.000474047964
51 5 -0.000508674927
52 5 1.20656923e-05
53 5 -0.000711432727
54 5 -4.72944277e-05
55 5 0.0197325752
56 5 0.000472005666
57 5 -0.000128749719
58 5 1.39102063e-05
59 5 -0.00059140234
60 5 -4.03614484e-05
61 5 0.0207757933
62 5 0.000621542828
63 5 -0.000352677878
64 5 1.7374226e-05
65 5 -0.000620939966
66 5 -4.37713048e-05
67 5 0.018673714
68 5 0.000806021729
69 5 -0.00108414847
70 5 1.99640288e-05
71 5 -0.00057569342
72 5 -5.57606345e-05
73 5 0.0155465196
74 5 0.000531245262
75 5 -0.000239769224
76 5 1.43707562e-05
77 5 -0.000447601089
78 5 -3.81083048e-05
79 5 0.0139070509
80 5 0.000573798495
81 5 -0.00023664516
82 5 1.56826567e-05
83 5 -0.00040594213
84 5 -3.52983161e-05
85 5 0.0106743589
86 5 0.000324020941
87 5 8.19552642e-06
88 5 9.70030276e-06
89 5 -0.000317903845
90 5 -2.80638657e-05
91 5 0.0129428153
92 5 0.000345837762
93 5 5.75585264e-05
94 5 1.03068705e-05
95 5 -0.000378700841
96 5 -3.26211797e-05
97 5 0.0123097715
98 5 0.000322675291
99 5 0.000114893753
100 5 9.82034589e-06
101 5 -0.00036299268
102 5 -2.88610256e-05
103 5 0.0110899825
104 5 0.000296194251
105 5 0.000194516926
106 5 9.14917347e-06
107 5 -0.00033023873
108 5 -2.37807606e-05
109 5 0.0142597516
110 5 0.000223353542
111 5 0.00057563782
112 5 8.12624639e-06
113 5 -0.000418751151
114 5 -3.71755903e-05
115 5 0.013663905
116 5 0.000189322544
117 5 0.000798891559
118 5 7.54718966e-06
119 5 -0.000399201559
120 5 -3.34858783e-05
1 6 -0.0388072975
2 6 -0.0527289804
3 6 2.84852533e-06
4 6 -0.00298487426
5 6 0.00148692418
6 6 0.0180156767
7 6 0.00156205901
8 6 0.00139501229
9 6 -2.23784557e-06
10 6 6.98472881e-05
11 6 -5.9027203e-05
12 6 -6.65048591e-05
13 6 0.000225425129
14 6 -0.00077744349
15 6 -1.74711575e-05
16 6 -5.78034969e-06
17 6 -2.06575373e-05
18 6 -4.08832189e-05
19 6 7.2945784e-05
20 6 -0.00150770486
21 6 -4.66322359e-05
22 6 -3.24491142e-05
23 6 -1.58536212e-05
24 6 -2.33565333e-05
25 6 -0.000143838189
26 6 -0.00204616635
27 6 -0.000135769769
28 6 -6.24747601e-05
29 6 -6.18465138e-06
30 6 -1.12894629e-05
31 6 -2.43406209e-05
32 6 -0.00173372364
33 6 -0.000140458936
34 6 -5.44458331e-05
35 6 -9.30067655e-06
36 6 -1.00514421e-05
37 6 -0.00117986554
38 6 -0.00240873622
39 6 -0.000115536558
40 6 -6.50456913e-05
41 6 3.50154037e-05
42 6 -5.33338702e-06
43 6 -0.000991186399
44 6 -0.00218133806
45 6 -0.000125582356
46 6 -5.54595883e-05
47 6 2.80611454e-05
48 6 -8.65756547e-06
49 6 -0.00116947661
50 6 -0.00196587707
51 6 -9.27494786e-05
52 6 -4.95089534e-05
53 6 3.38783184e-05
54 6 -7.4526422e-06
55 6 -0.00109938503
56 6 -0.00215339063
57 6 -0.000138402665
58 6 -5.86220701e-05
59 6 3.37142494e-05
60 6 -2.62526779e-06
61 6 -0.001114854
62 6 -0.00213117957
63 6 -0.000127687495
64 6 -5.73415113e-05
65 6 3.39668165e-05
66 6 -3.32716161e-06
67 6 -0.000749424322
68 6 -0.00127210604
69 6 -6.47065846e-05
70 6 -2.78588167e-05
71 6 2.03729224e-05
72 6 -7.8131091e-06
73 6 -0.00081043088
74 6 -0.00175688511
75 6 -0.000131105878
76 6 -4.61147924e-05
77 6 2.33249365e-05
78 6 -1.7887738e-06
79 6 -0.000794076264
80 6 -0.00160466694
81 6 -0.000118912756
82 6 -4.29100756e-05
83 6 2.31363405e-05
84 6 -1.7301293e-06
85 6 -0.000595369879
86 6 -0.00134685389
87 6 -0.000115335933
88 6 -3.63567416e-05
89 6 1.77695822e-05
90 6 -1.35274783e-06
91 6 -0.000777432635
92 6 -0.00164749554
93 6 -0.000140669985
94 6 -4.42270009e-05
95 6 2.26552602e-05
96 6 -1.25021722e-06
97 6 -0.000712912604
98 6 -0.00155563768
99 6 -0.000126763251
100 6 -4.18684026e-05
101 6 2.1024634e-05
102 6 -1.68651407e-06
103 6 -0.000688808579
104 6 -0.00137351549
105 6 -0.000107802486
106 6 -3.68832796e-05
107 6 2.04077269e-05
108 6 -1.97955662e-06
109 6 -0.000680815046
110 6 -0.00183782601
111 6 -0.000187285054
112 6 -5.00434976e-05
113 6 2.00607874e-05
114 6 -3.76006378e-06
115 6 -0.000802953676
116 6 -0.00177449537
117 6 -0.000194162079
118 6 -4.75914976e-05
119 6 2.36601437e-05
120 6 -3.84023467e-06
1 7 -1.40782137
2 7 -0.0404664818
3 7 0.0153159108
4 7 -0.000843845896
5 7 0.0448160143
6 7 0.00156205901
7 7 48.4125785
8 7 0.961969786
9 7 -0.829297191
10 7 0.0120860592
11 7 -1.38911661
12 7 -0.0370027373
13 7 -1.11009049
14 7 -0.0196710266
15 7 0.00345922774
16 7 -0.000284684433
17 7 0.0357521366
18 7 0.000957362421
19 7 -0.775124899
20 7 -0.0121783184
21 7 -0.0224106706
22 7 -0.000241061953
23 7 0.0256524827
24 7 0.000867617161
25 7 -0.578036633
26 7 -0.000500090694
27 7 -0.0278906762
28 7 2.3745035e-06
29 7 0.0180975994
30 7 0.00121545003
31 7 -0.469579053
32 7 0.000296475001
33 7 -0.0113390476
34 7 3.46456686e-05
35 7 0.0153023154
36 7 0.00135124164
37 7 -0.605854875
38 7 -0.00672497499
39 7 -0.0124905507
40 7 -0.000213399758
41 7 0.017902573
42 7 0.000751888497
43 7 -0.612776608
44 7 -0.0103594572
45 7 -0.0071228077
46 7 -0.000324872549
47 7 0.0182602832
48 7 0.00110211154
49 7 -0.597927757
50 7 -0.0144894097
51 7 -0.00506626151
52 7 -0.000433144327
53 7 0.0176880524
54 7 0.000895385905
55 7 -0.596385502
56 7 -0.0191374131
57 7 -0.00206604916
58 7 -0.000573539122
59 7 0.0175349578
60 7 0.00122142264
61 7 -0.589921519
62 7 -0.0229894787
63 7 0.00844212734
64 7 -0.000657627348
65 7 0.0175635438
66 7 0.00128259982
67 7 -0.484669813
68 7 -0.0212610831
69 7 0.0130034568
70 7 -0.000574027394
71 7 0.0141438991
72 7 0.00109286392
73 7 -0.459190285
74 7 -0.0197655073
75 7 0.00444020267
76 7 -0.000548750304
77 7 0.0131694395
78 7 0.00115295697
79 7 -0.447045119
80 7 -0.023095798
81 7 0.00669655544
82 7 -0.000644648971
83 7 0.0130819802
84 7 0.00116129708
85 7 -0.349458981
86 7 -0.0138811363
87 7 -0.00168956471
88 7 -0.000420404648
89 7 0.0103778514
90 7 0.000915547999
91 7 -0.39064144
92 7 -0.014177144
93 7 -0.0024169417
94 7 -0.000429926183
95 7 0.0115414846
96 7 0.00102245711
97 7 -0.365242881
98 7 -0.0128531622
99 7 -0.00386645085
100 7 -0.000399329399
101 7 0.0109051841
102 7 0.000902857155
103 7 -0.341432996
104 7 -0.0126863891
105 7 -0.00655376189
106 7 -0.000393614457
107 7 0.010229258
108 7 0.000733008692
109 7 -0.461004802
110 7 -0.0108720393
111 7 -0.0199957464
112 7 -0.000378828796
113 7 0.0135563182
114 7 0.0012352362
115 7 -0.419000353
116 7 -0.00968064469
117 7 -0.0253634834
118 7 -0.000355579177
119 7 0.0123365353
120 7 0.00106179203
1 8 -0.0258965832
2 8 -1.49822905
3 8 -0.0372808527
4 8 -0.0466559658
5 8 0.000386724835
6 8 0.00139501229
7 8 0.961969786
8 8 50.6945217
9 8 1.20902382
10 8 1.42022038
11 8 -0.012086917
12 8 -0.0346328894
13 8 -0.0280833719
14 8 -1.17333043
15 8 -0.0188870517
16 8 -0.0369616346
17 8 0.000553591881
18 8 0.000687861621
19 8 -0.00656385101
20 8 -0.803057466
21 8 -0.0178140142
22 8 -0.0262001773
23 8 5.71147679e-05
24 8 -0.000412583637
25 8 -0.00162712222
26 8 -0.588710761
27 8 -0.0297761475
28 8 -0.0183401143
29 8 4.22468945e-05
30 8 -0.000760462047
31 8 -0.00150940999
32 8 -0.474379179
33 8 -0.033167879
34 8 -0.0154416553
35 8 3.58073986e-05
36 8 -0.000270491346
37 8 -0.000785593065
38 8 -0.618527644
39 8 -0.0262911777
40 8 -0.0182067131
41 8 2.39056334e-05
42 8 -0.000212830988
43 8 0.00437927896
44 8 -0.623222841
45 8 -0.0375315751
46 8 -0.0185508805
47 8 -0.000129728171
48 8 -5.17728378e-05
49 8 0.00392357664
50 8 -0.610221775
51 8 -0.0312206001
52 8 -0.017986806
53 8 -0.000129893774
54 8 3.44561038e-05
55 8 0.00994072517
56 8 -0.607678976
57 8 -0.0425752386
58 8 -0.0178394096
59 8 -0.000304600556
60 8 0.000142798013
61 8 0.0108442813
62 8 -0.602408066
63 8 -0.0437591414
64 8 -0.0178737653
65 8 -0.000371357979
66 8 0.000469244744
67 8 0.00820864026
68 8 -0.49658442
69 8 -0.0370731314
70 8 -0.014424109
71 8 -0.000302928867
72 8 0.000587387752
73 8 0.00978654391
74 8 -0.468269325
75 8 -0.0403312345
76 8 -0.0134280444
77 8 -0.000314545997
78 8 0.000279172627
79 8 0.0111144457
80 8 -0.455611688
81 8 -0.0394518358
82 8 -0.0133274881
83 8 -0.000371520227
84 8 0.000350428439
85 8 0.0077002501
86 8 -0.354852298
87 8 -0.0309380731
88 8 -0.0105647953
89 8 -0.000235032917
90 8 6.95093411e-05
91 8 0.00761122342
92 8 -0.395992448
93 8 -0.0347306257
94 8 -0.0117327669
95 8 -0.000229370067
96 8 5.34498752e-05
97 8 0.00773408265
98 8 -0.371099237
99 8 -0.0306109439
100 8 -0.0110951419
101 8 -0.000229457784
102 8 1.62049002e-06
103 8 0.00717995078
104 8 -0.347514735
105 8 -0.0246319106
106 8 -0.0103996505
107 8 -0.000213358186
108 8 -8.48984265e-05
109 8 0.00999860895
110 8 -0.467177309
111 8 -0.0421074442
112 8 -0.0137812876
113 8 -0.00024721446
114 8 -0.000495756835
115 8 0.00887817324
116 8 -0.427165264
117 8 -0.0367324532
118 8 -0.0125632855
119 8 -0.000203209251
120 8 -0.000652644262
1 9 0.0276466568
2 9 -0.0480519576
3 9 -0.0579426461
4 9 -0.0016827515
5 9 -0.00146503106
6 9 -2.23784557e-06
7 9 -0.829297191
8 9 1.20902382
9 9 2.0034316
10 9 0.0335115241
11 9 0.0292504354
12 9 8.5779979e-07
13 9 -0.0157254696
14 9 -0.00884142852
15 9 -0.0360953289
16 9 -0.000559633298
17 9 0.000112644074
18 9 1.05407571e-05
19 9 -0.0459937508
20 9 -1.95169416e-06
21 9 -0.018921388
22 9 -0.000260659508
23 9 0.00120157503
24 9 3.52073311e-05
25 9 -0.062593908
26 9 0.00915799962
27 9 -0.00921025136
28 9 -3.29792767e-06
29 9 0.00180019172
30 9 0.000119311206
31 9 -0.0464959685
32 9 0.00360316978
33 9 -0.00714299819
34 9 -0.000144912492
35 9 0.00138539873
36 9 0.000118415464
37 9 -0.0653480736
38 9 0.0282102124
39 9 -0.00546998596
40 9 0.000827320382
41 9 0.00176594509
42 9 8.40548369e-05
43 9 -0.0653367788
44 9 0.023587257
45 9 -0.00489694818
46 9 0.000696039128
47 9 0.00178260445
48 9 0.000108870279
49 9 -0.0643231547
50 9 0.0323710114
51 9 -0.00373905866
52 9 0.000958052231
53 9 0.00172966846
54 9 8.51264905e-05
55 9 -0.0655532718
56 9 0.028522123
57 9 -0.00327744077
58 9 0.000846536735
59 9 0.00174052284
60 9 0.000112314229
61 9 -0.0567835286
62 9 0.02653507
63 9 -0.0037366336
64 9 0.000795658125
65 9 0.00150925503
66 9 8.54750215e-05
67 9 -0.0445328947
68 9 0.0223489271
69 9 -0.00322942387
70 9 0.000635304588
71 9 0.00113856648
72 9 5.7902771e-05
73 9 -0.0502170296
74 9 0.0197015838
75 9 -0.00214263498
76 9 0.000560233365
77 9 0.00131905722
78 9 0.00010011596
79 9 -0.0482596239
80 9 0.0217501518
81 9 -0.00177600985
82 9 0.000626676218
83 9 0.00129712558
84 9 9.38063327e-05
85 9 -0.0420508184
86 9 0.0169777461
87 9 -0.00123882547
88 9 0.000499233203
89 9 0.00114555088
90 9 9.55841608e-05
91 9 -0.0465784142
92 9 0.0196171438
93 9 -0.00117636445
94 9 0.000574329982
95 9 0.0012680138
96 9 0.000107625582
97 9 -0.0429945769
98 9 0.0172802785
99 9 -0.00157989736
100 9 0.000514303017
101 9 0.00117806443
102 9 9.57909566e-05
103 9 -0.0392838481
104 9 0.0188683536
105 9 -0.00182634939
106 9 0.000554840928
107 9 0.00107413729
108 9 8.04419772e-05
109 9 -0.0562065512
110 9 0.0181781349
111 9 -0.00397626793
112 9 0.000518146821
113 9 0.00154531146
114 9 0.00015919231
115 9 -0.0507733952
116 9 0.0211799788
117 9 -0.00391557812
118 9 0.000610760705
119 9 0.00138535426
120 9 0.00015140597
1 10 -0.000362709026
2 10 -0.0467892589
3 10 -0.00136204466
4 10 -0.00158834529
5 10 -4.94493993e-08
6 10 6.98472881e-05
7 10 0.0120860592
8 10 1.42022038
9 10 0.0335115241
10 10 0.060092706
11 10 9.82546852e-06
12 10 -0.00180926929
13 10 -0.000567252495
14 10 -0.0367810742
15 10 -0.000862480469
16 10 -0.00127190828
17 10 1.04405715e-05
18 10 4.08963693e-05
19 10 -5.4201545e-05
20 10 -0.026009013
21 10 -0.00082028045
22 10 -0.000951926596
23 10 -1.21572829e-06
24 10 7.01854923e-06
25 10 5.93590558e-06
26 10 -0.0179665847
27 10 -0.00117294131
28 10 -0.000597718599
29 10 4.03042955e-07
30 10 -1.93545024e-05
31 10 -2.67975685e-05
32 10 -0.0151057895
33 10 -0.00129713624
34 10 -0.00052513891
35 10 1.13421863e-06
36 10 -4.95137089e-06
37 10 6.5521314e-05
38 10 -0.0177736083
39 10 -0.000741304022
40 10 -0.000536785796
41 10 -2.28608399e-06
42 10 -9.74186479e-07
43 10 0.000196292911
44 10 -0.0180031077
45 10 -0.00107245922
46 10 -0.000549432079
47 10 -6.34275191e-06
48 10 3.71809591e-06
49 10 0.000216605145
50 10 -0.0174426877
51 10 -0.000873656307
52 10 -0.000527749374
53 10 -7.41210745e-06
54 10 6.43670925e-06
55 10 0.000368815216
56 10 -0.0172318674
57 10 -0.00118265471
58 10 -0.000520401947
59 10 -1.20711346e-05
60 10 9.97958094e-06
61 10 0.000393400719
62 10 -0.0172477235
63 10 -0.001229635
64 10 -0.000525574689
65 10 -1.39978044e-05
66 10 1.91534498e-05
67 10 0.000299699132
68 10 -0.0139209544
69 10 -0.00104112722
70 10 -0.00041238052
71 10 -1.1233566e-05
72 10 2.16097959e-05
73 10 0.00033365946
74 10 -0.0128315706
75 10 -0.00109952158
76 10 -0.000375445953
77 10 -1.11247974e-05
78 10 1.16127245e-05
79 10 0.000384981171
80 10 -0.0126587578
81 10 -0.00109619527
82 10 -0.000377254663
83 10 -1.3184124e-05
84 10 1.35632391e-05
85 10 0.000269154951
86 10 -0.00991915303
87 10 -0.000862578484
88 10 -0.000302032258
89 10 -8.74860884e-06
90 10 5.58337304e-06
91 10 0.000272331868
92 10 -0.0109991365
93 10 -0.000961983694
94 10 -0.000333122321
95 10 -8.75338759e-06
96 10 5.24839413e-06
97 10 0.000268934287
98 10 -0.0103875634
99 10 -0.000849943216
100 10 -0.000317504834
101 10 -8.56283149e-06
102 10 3.70150343e-06
103 10 0.000261697262
104 10 -0.0097526043
105 10 -0.000691719018
106 10 -0.000298845976
107 10 -8.30607622e-06
108 10 1.0888303e-06
109 10 0.000331410259
110 10 -0.0129105624
111 10 -0.00116229869
112 10 -0.000388482703
113 10 -8.98097537e-06
114 10 -1.01650493e-05
115 10 0.000308255083
116 10 -0.0117550605
117 10 -0.0010023696
118 10 -0.000353405026
119 10 -8.05315109e-06
120 10 -1.45892764e-05
1 11 0.0449491925
2 11 0.000820023504
3 11 -0.00109180243
4 11 1.55945849e-05
5 11 -0.00156077607
6 11 -5.9027203e-05
7 11 -1.38911661
8 11 -0.012086917
9 11 0.0292504354
10 11 9.82546852e-06
11 11 0.0601244438
12 11 0.00129280342
13 11 0.0355751124
14 11 0.000299331787
15 11 -0.00048186627
16 11 1.03443245e-06
17 11 -0.00125381808
18 11 -4.57405884e-05
19 11 0.0255344103
20 11 0.000237506874
21 11 0.000441033406
22 11 5.65559166e-06
23 11 -0.000943459716
24 11 -4.5094936e-05
25 11 0.0179531618
26 11 -4.98807098e-05
27 11 0.000720770117
28 11 -1.47092341e-06
29 11 -0.000597154871
30 11 -5.16134175e-05
31 11 0.0152000136
32 11 -4.27712619e-05
33 11 0.000253000321
34 11 -1.78760373e-06
35 11 -0.000526018065
36 11 -5.66836827e-05
37 11 0.0176359938
38 11 0.00011993262
39 11 0.000214724057
40 11 3.82532018e-06
41 11 -0.00053439191
42 11 -2.24067448e-05
43 11 0.0179249214
44 11 0.000246966537
45 11 6.21594592e-05
46 11 7.74797957e-06
47 11 -0.000547440495
48 11 -3.28858856e-05
49 11 0.0173043802
50 11 0.000331311783
51 11 -1.02674309e-05
52 11 9.83243592e-06
53 11 -0.000525347915
54 11 -2.65014751e-05
55 11 0.0171373395
56 11 0.000483754114
57 11 -0.000109611048
58 11 1.44813494e-05
59 11 -0.000518283779
60 11 -3.57495331e-05
61 11 0.0171037585
62 11 0.000603453828
63 11 -0.000405127316
64 11 1.71714387e-05
65 11 -0.000523021883
66 11 -3.77670956e-05
67 11 0.0137560546
68 11 0.000549475826
69 11 -0.000510157289
70 11 1.45764073e-05
71 11 -0.000409745096
72 11 -3.21081748e-05
73 11 0.0127660504
74 11 0.000496714162
75 11 -0.000231127812
76 11 1.36979523e-05
77 11 -0.000373711087
78 11 -3.28488023e-05
79 11 0.0125918563
80 11 0.000586163115
81 11 -0.000291296306
82 11 1.62708221e-05
83 11 -0.000375563543
84 11 -3.36687776e-05
85 11 0.0099051993
86 11 0.000350619294
87 11 -4.58382375e-05
88 11 1.05921937e-05
89 11 -0.000300949441
90 11 -2.68431339e-05
91 11 0.0109980794
92 11 0.000350104561
93 11 -3.05627382e-05
94 11 1.05923619e-05
95 11 -0.000332221846
96 11 -2.97388461e-05
97 11 0.0103663493
98 11 0.000323541443
99 11 1.42771805e-05
100 11 1.00228813e-05
101 11 -0.000316459301
102 11 -2.63639393e-05
103 11 0.00970933587
104 11 0.000310346168
105 11 9.25692152e-05
106 11 9.66698951e-06
107 11 -0.000297819374
108 11 -2.17834991e-05
109 11 0.0129303099
110 11 0.000259685788
111 11 0.000463534417
112 11 9.24557677e-06
113 11 -0.000387670105
114 11 -3.56576283e-05
115 11 0.0117076693
116 11 0.000217597041
117 11 0.000607977777
118 11 8.27340639e-06
119 11 -0.000352148943
120 11 -3.06148902e-05
1 12 0.00188968113
2 12 0.00180909092
3 12 3.25251156e-06
4 12 8.41180304e-05
5 12 -7.0577762e-05
6 12 -6.65048591e-05
7 12 -0.0370027373
8 12 -0.0346328894
9 12 8.5779979e-07
10 12 -0.00180926929
11 12 0.00129280342
12 12 0.0173075113
13 12 0.000638276074
14 12 5.4099575e-05
15 12 -1.02209675e-05
16 12 1.85892477e-05
17 12 -3.46371501e-05
18 12 -4.14164864e-05
19 12 0.000297436368
20 12 -0.001194495
21 12 -3.57635139e-05
22 12 -2.20581829e-05
23 12 -2.39606781e-05
24 12 -2.37365885e-05
25 12 2.60184913e-05
26 12 -0.00181549084
27 12 -0.00011779817
28 12 -5.52510882e-05
29 12 -1.18128797e-05
30 12 -1.14559873e-05
31 12 0.000170293486
32 12 -0.00138384733
33 12 -0.000116282483
34 12 -4.43692933e-05
35 12 -1.55124285e-05
36 12 -1.01236984e-05
37 12 -0.000808586906
38 12 -0.00176453604
39 12 -8.43899144e-05
40 12 -4.83045671e-05
41 12 2.50323075e-05
42 12 -4.94462952e-06
43 12 -0.000669794105
44 12 -0.00176556312
45 12 -0.000108395649
46 12 -4.90194827e-05
47 12 2.1206242e-05
48 12 -4.60752964e-06
49 12 -0.000932461161
50 12 -0.00171428887
51 12 -8.58910465e-05
52 12 -4.67265001e-05
53 12 2.89212115e-05
54 12 -3.54028969e-06
55 12 -0.000815173261
56 12 -0.00171622784
57 12 -0.000112638407
58 12 -4.63670896e-05
59 12 2.56644859e-05
60 12 -3.12387372e-06
61 12 -0.000758862852
62 12 -0.00147757784
63 12 -8.67513365e-05
64 12 -4.01647407e-05
65 12 2.43178413e-05
66 12 -3.68553759e-06
67 12 -0.000604614154
68 12 -0.00111141624
69 12 -5.99919144e-05
70 12 -2.86325816e-05
71 12 1.8205401e-05
72 12 -3.60153172e-06
73 12 -0.00053323945
74 12 -0.00128525912
75 12 -9.97393082e-05
76 12 -3.41703175e-05
77 12 1.60236559e-05
78 12 -2.21879827e-06
79 12 -0.000595228028
80 12 -0.00125624619
81 12 -9.33787879e-05
82 12 -3.41911486e-05
83 12 1.79965457e-05
84 12 -2.0025258e-06
85 12 -0.000471473453
86 12 -0.00110467849
87 12 -9.31554693e-05
88 12 -3.03250191e-05
89 12 1.45292652e-05
90 12 -1.43892544e-06
91 12 -0.000542203836
92 12 -0.00121991633
93 12 -0.000104533375
94 12 -3.34874668e-05
95 12 1.65853473e-05
96 12 -1.36619773e-06
97 12 -0.0004823722
98 12 -0.00113285041
99 12 -9.29769951e-05
100 12 -3.12510633e-05
101 12 1.50646027e-05
102 12 -1.68279381e-06
103 12 -0.00052239775
104 12 -0.00103669856
105 12 -7.83456671e-05
106 12 -2.84591997e-05
107 12 1.60707083e-05
108 12 -1.85443808e-06
109 12 -0.000474825531
110 12 -0.00148865423
111 12 -0.000152412223
112 12 -4.12430533e-05
113 12 1.46574612e-05
114 12 -3.57059859e-06
115 12 -0.000561411673
116 12 -0.00133692028
117 12 -0.000145025195
118 12 -3.65965524e-05
119 12 1.73576567e-05
120 12 -3.361775e-06
1 13 -1.17833269
2 13 -0.0330778919
3 13 -0.0430631714
4 13 -0.000724793945
5 13 0.0367458728
6 13 0.000225425129
7 13 -1.11009049
8 13 -0.0280833719
9 13 -0.0157254696
10 13 -0.000567252495
11 13 0.0355751124
12 13 0.000638276074
13 13 46.36401
14 13 0.674047763
15 13 0.944398471
16 13 0.00790830085
17 13 -1.28589848
18 13 -0.0109282697
19 13 -0.854470573
20 13 -0.0142124956
21 13 -0.0313096345
22 13 -0.000336891509
23 13 0.027564879
24 13 0.000986511358
25 13 -0.59747238
26 13 -0.000231501344
27 13 -0.0288986626
28 13 -2.59036562e-05
29 13 0.0185031189
30 13 0.00135741664
31 13 -0.491239849
32 13 -0.00109710441
33 13 -0.0132163046
34 13 -2.05812864e-05
35 13 0.0158506138
36 13 0.00137893541
37 13 -0.757904292
38 13 -0.00913548969
39 13 -0.0212311704
40 13 -0.000288187007
41 13 0.0217129298
42 13 0.000903533828
43 13 -0.797635869
44 13 -0.0148693759
45 13 -0.0143437534
46 13 -0.00045396657
47 13 0.0228751589
48 13 0.00128797168
49 13 -0.754454221
50 13 -0.0185312219
51 13 -0.0102575017
52 13 -0.000546539338
53 13 0.0215705737
54 13 0.00107102779
55 13 -0.688749539
56 13 -0.0225765509
57 13 -0.00499938307
58 13 -0.000670137257
59 13 0.0198568195
60 13 0.00138544443
61 13 -0.718712763
62 13 -0.0262823064
63 13 -0.00333794875
64 13 -0.000772412598
65 13 0.020686523
66 13 0.00144172892
67 13 -0.584738338
68 13 -0.023255702
69 13 0.00262549325
70 13 -0.000654262241
71 13 0.0165326149
72 13 0.00124041137
73 13 -0.559927765
74 13 -0.0217555282
75 13 -0.00611180129
76 13 -0.000630571067
77 13 0.0155843042
78 13 0.00132050233
79 13 -0.490764974
80 13 -0.0232112628
81 13 -0.00230589552
82 13 -0.000675009793
83 13 0.0140299219
84 13 0.00118329273
85 13 -0.396702113
86 13 -0.0154758024
87 13 -0.00399254878
88 13 -0.000470076894
89 13 0.0115757447
90 13 0.00106136213
91 13 -0.491008255
92 13 -0.0176239241
93 13 -0.00624826227
94 13 -0.000530871186
95 13 0.0141203592
96 13 0.00126733374
97 13 -0.435969378
98 13 -0.0153896317
99 13 -0.00722005153
100 13 -0.000474141025
101 13 0.0126980457
102 13 0.00105810569
103 13 -0.392283809
104 13 -0.0145315084
105 13 -0.00942497113
106 13 -0.000449930254
107 13 0.0115515774
108 13 0.000844995591
109 13 -0.561335206
110 13 -0.0141379306
111 13 -0.0270287195
112 13 -0.000479733742
113 13 0.0161247018
114 13 0.00141391556
115 13 -0.549513865
116 13 -0.0129346276
117 13 -0.0366540431
118 13 -0.000466896455
119 13 0.0157223127
120 13 0.00133212368
1 14 -0.0119611474
2 14 -1.23866165
3 14 0.00380449868
4 14 -0.0378808386
5 14 7.20961667e-05
6 14 -0.00077744349
7 14 -0.0196710266
8 14 -1.17333043
9 14 -0.00884142852
10 14 -0.0367810742
11 14 0.000299331787
12 14 5.4099575e-05
13 14 0.674047763
14 14 48.0250902
15 14 0.377489468
16 14 1.30666104
17 14 -0.00790863091
18 14 0.0210874475
19 14 -0.00150716507
20 14 -0.882157465
21 14 -0.0219972366
22 14 -0.0280899915
23 14 -7.32135445e-05
24 14 -0.000599911841
25 14 0.0031450202
26 14 -0.603096798
27 14 -0.0351684071
28 14 -0.0186343427
29 14 -7.53210396e-05
30 14 -0.00077615339
31 14 0.000903531554
32 14 -0.494658542
33 14 -0.0337871196
34 14 -0.0159357655
35 14 -3.69073768e-05
36 14 -0.000309356423
37 14 0.00342896906
38 14 -0.77114969
39 14 -0.0321913818
40 14 -0.022026439
41 14 -8.55037977e-05
42 14 -0.000429281424
43 14 0.0100676177
44 14 -0.807916128
45 14 -0.0447146336
46 14 -0.0231623999
47 14 -0.000275536357
48 14 -0.000231816958
49 14 0.00975567623
50 14 -0.766121745
51 14 -0.0380697676
52 14 -0.021859553
53 14 -0.00027985468
54 14 -9.3733485e-05
55 14 0.0156559841
56 14 -0.698209848
57 14 -0.0487827721
58 14 -0.0201286859
59 14 -0.000455104935
60 14 7.1405237e-05
61 14 0.018634454
62 14 -0.728631618
63 14 -0.0508214552
64 14 -0.0209741859
65 14 -0.000544033082
66 14 0.000127553716
67 14 0.0148883645
68 14 -0.594003526
69 14 -0.0437620159
70 14 -0.0167953587
71 14 -0.000443606831
72 14 0.000278542487
73 14 0.0169053413
74 14 -0.565676091
75 14 -0.0478566617
76 14 -0.0158112561
77 14 -0.000462325504
78 14 -4.19697613e-05
79 14 0.0166247412
80 14 -0.495596809
81 14 -0.0413880661
82 14 -0.0142208531
83 14 -0.000480213563
84 14 6.51835198e-05
85 14 0.0114957835
86 14 -0.401032937
87 14 -0.0364783455
88 14 -0.011748663
89 14 -0.000332757909
90 14 9.81346595e-06
91 14 0.0128263285
92 14 -0.495435136
93 14 -0.0440528776
94 14 -0.0143085814
95 14 -0.000361701107
96 14 -4.59788672e-05
97 14 0.0120139452
98 14 -0.441029118
99 14 -0.0365321459
100 14 -0.0128778462
101 14 -0.000338812363
102 14 -8.45241837e-05
103 14 0.0108024796
104 14 -0.397792185
105 14 -0.0288016658
106 14 -0.0117111626
107 14 -0.000308401797
108 14 -0.000158127916
109 14 0.0152581596
110 14 -0.566783874
111 14 -0.0488219199
112 14 -0.0163314487
113 14 -0.000377263294
114 14 -0.000676955381
115 14 0.0149929071
116 14 -0.558043522
117 14 -0.0469392897
118 14 -0.0159579158
119 14 -0.000344651263
120 14 -0.00094964141
1 15 -0.0127518619
2 15 -0.0159085779
3 15 -0.0376980123
4 15 -0.000747214389
5 15 -3.64600797e-05
6 15 -1.74711575e-05
7 15 0.00345922774
8 15 -0.0188870517
9 15 -0.0360953289
10 15 -0.000862480469
11 15 -0.00048186627
12 15 -1.02209675e-05
13 15 0.944398471
14 15 0.377489468
15 15 1.50470268
16 15 0.00907221959
17 15 -0.0237845366
18 15 3.30052522e-07
19 15 -0.0427354648
20 15 -0.00997714183
21 15 -0.0207262732
22 15 -0.000555341053
23 15 0.000997428022
24 15 2.18790582e-05
25 15 -0.0547479063
26 15 -0.000431232593
27 15 -0.0099335602
28 15 -0.000266323913
29 15 0.00153416119
30 15 0.000100351378
31 15 -0.0416360906
32 15 0.000227887232
33 15 -0.00750236775
34 15 -0.000263297852
35 15 0.00120409921
36 15 9.85934497e-05
37 15 -0.0744968133
38 15 0.0293218907
39 15 -0.00660667572
40 15 0.000831180565
41 15 0.00194808383
42 15 9.73428423e-05
43 15 -0.0764884673
44 15 0.0277337782
45 15 -0.00602664607
46 15 0.000771919743
47 15 0.00201119518
48 15 0.000120152913
49 15 -0.0722390017
50 15 0.0356264225
51 15 -0.00460792058
52 15 0.0010133469
53 15 0.00187757407
54 15 9.67688494e-05
55 15 -0.0665061735
56 15 0.0273771955
57 15 -0.0039200259
58 15 0.000796921099
59 15 0.00172027641
60 15 0.000114791176
61 15 -0.0702757877
62 15 0.0281709298
63 15 -0.00374332233
64 15 0.00081997661
65 15 0.00182158812
66 15 0.000119007066
67 15 -0.0565025827
68 15 0.0224496771
69 15 -0.00306750675
70 15 0.000626298232
71 15 0.00142478261
72 15 9.30600485e-05
73 15 -0.0628728471
74 15 0.0199592572
75 15 -0.00178303282
76 15 0.000558681027
77 15 0.00163234829
78 15 0.000137695202
79 15 -0.0539677239
80 15 0.0210925794
81 15 -0.00127956068
82 15 0.000600268451
83 15 0.00142958419
84 15 0.000114766227
85 15 -0.0429038905
86 15 0.0146406556
87 15 -0.00176340071
88 15 0.000426610741
89 15 0.00114040488
90 15 0.000101885948
91 15 -0.0531670049
92 15 0.0200597593
93 15 -0.00171537394
94 15 0.000571876773
95 15 0.00141051771
96 15 0.00012617806
97 15 -0.0463141325
98 15 0.0168923734
99 15 -0.00213666672
100 15 0.000489582708
101 15 0.00123341042
102 15 0.000104237257
103 15 -0.0402122411
104 15 0.017871128
105 15 -0.00215760401
106 15 0.000518003017
107 15 0.00107385541
108 15 8.43712461e-05
109 15 -0.06132018
110 15 0.0194379318
111 15 -0.00472961839
112 15 0.000534356512
113 15 0.00164549313
114 15 0.000166219306
115 15 -0.0603680387
116 15 0.0239479077
117 15 -0.00492653603
118 15 0.000667586925
119 15 0.00160800253
120 15 0.000176583254
1 16 -6.40108733e-05
2 16 -0.0381871212
3 16 -0.00016262607
4 16 -0.00128578936
5 16 -6.00697949e-06
6 16 -5.78034969e-06
7 16 -0.000284684433
8 16 -0.0369616346
9 16 -0.000559633298
10 16 -0.00127190828
11 16 1.03443245e-06
12 16 1.85892477e-05
13 16 0.00790830085
14 16 1.30666104
15 16 0.00907221959
16 16 0.0555218676
17 16 6.43617456e-06
18 16 -0.000138465822
19 16 7.50999249e-05
20 16 -0.0280482335
21 16 -0.000927073525
22 16 -0.00100514597
23 16 -5.19938259e-06
24 16 3.08264151e-06
25 16 0.000105531474
26 16 -0.018362283
27 16 -0.00130316271
28 16 -0.000607639249
29 16 -2.43104701e-06
30 16 -1.97586991e-05
31 16 4.08573476e-05
32 16 -0.0156887494
33 16 -0.00132471135
34 16 -0.000540816437
35 16 -1.16077562e-06
36 16 -6.01127364e-06
37 16 0.000175270263
38 16 -0.0216151725
39 16 -0.000891640194
40 16 -0.000633540248
41 16 -5.15915372e-06
42 16 -6.2584599e-06
43 16 0.000349716841
44 16 -0.0226108202
45 16 -0.00125643118
46 16 -0.000665159826
47 16 -1.03080207e-05
48 16 -6.61169259e-07
49 16 0.000365080652
50 16 -0.0213143707
51 16 -0.00104688719
52 16 -0.000624532806
53 16 -1.12506617e-05
54 16 3.38721632e-06
55 16 0.000506965497
56 16 -0.0195460939
57 16 -0.00134340836
58 16 -0.000579458666
59 16 -1.57546179e-05
60 16 8.3222351e-06
61 16 0.000592045266
62 16 -0.0203250618
63 16 -0.00139538689
64 16 -0.000601328434
65 16 -1.83581386e-05
66 16 1.00849057e-05
67 16 0.00046436464
68 16 -0.0162618806
69 16 -0.00119595873
70 16 -0.000469314356
71 16 -1.46196948e-05
72 16 1.33265576e-05
73 16 0.000507868087
74 16 -0.0151649884
75 16 -0.00127335221
76 16 -0.000432404795
77 16 -1.46245886e-05
78 16 2.94810574e-06
79 16 0.000515148448
80 16 -0.0135581757
81 16 -0.00112986991
82 16 -0.000397003071
83 16 -1.55906962e-05
84 16 5.77355689e-06
85 16 0.000355304063
86 16 -0.0110875427
87 16 -0.00100254264
88 16 -0.000332302723
89 16 -1.09867721e-05
90 16 4.21254104e-06
91 16 0.000401673825
92 16 -0.0134903809
93 16 -0.00119682692
94 16 -0.000398008562
95 16 -1.20526032e-05
96 16 2.87778771e-06
97 16 0.000372748769
98 16 -0.0121271881
99 16 -0.000998768157
100 16 -0.000362196593
101 16 -1.12289617e-05
102 16 1.67948465e-06
103 16 0.000348202715
104 16 -0.0110428986
105 16 -0.000799013412
106 16 -0.000332827548
107 16 -1.05970568e-05
108 16 -6.71433607e-07
109 16 0.000465277288
110 16 -0.0154015279
111 16 -0.00133259655
112 16 -0.000452643671
113 16 -1.2309014e-05
114 16 -1.45959213e-05
115 16 0.000466230494
116 16 -0.0150307657
117 16 -0.00125910781
118 16 -0.000438729276
119 16 -1.17362633e-05
120 16 -2.19320246e-05
1 17 0.037017293
2 17 0.000721505596
3 17 0.000882921165
4 17 1.63691512e-05
5 17 -0.0012685457
6 17 -2.06575373e-05
7 17 0.0357521366
8 17 0.000553591881
9 17 0.000112644074
10 17 1.04405715e-05
11 17 -0.00125381808
12 17 -3.46371501e-05
13 17 -1.28589848
14 17 -0.00790863091
15 17 -0.0237845366
16 17 6.43617456e-06
17 17 0.0555409826
18 17 0.000581554923
19 17 0.0275646934
20 17 0.000334914041
21 17 0.000639125248
22 17 9.78429808e-06
23 17 -0.000996685101
24 17 -4.82870528e-05
25 17 0.0184193998
26 17 -5.63616717e-06
27 17 0.000741841969
28 17 6.9530404e-07
29 17 -0.000608393073
30 17 -5.50603024e-05
31 17 0.0157991049
32 17 1.56309614e-05
33 17 0.000298108949
34 17 4.50505847e-07
35 17 -0.000542404536
36 17 -5.78083754e-05
37 17 0.0214739163
38 17 0.000192498287
39 17 0.000429195594
40 17 6.14235204e-06
41 17 -0.000631142958
42 17 -2.62963649e-05
43 17 0.0225417695
44 17 0.00036534283
45 17 0.000239257607
46 17 1.12656957e-05
47 17 -0.000663328718
48 17 -3.76753295e-05
49 17 0.0211902484
50 17 0.000443267572
51 17 0.000115220077
52 17 1.30923835e-05
53 17 -0.000622322614
54 17 -3.09772706e-05
55 17 0.0194802001
56 17 0.000590732382
57 17 -3.97480723e-05
58 17 1.75631199e-05
59 17 -0.000577722646
60 17 -3.99810897e-05
61 17 0.0202559087
62 17 0.000689661507
63 17 -9.06925155e-05
64 17 2.03546154e-05
65 17 -0.000599460349
